
original Entropy: 16.243023

single feature
10.671957127019477
10.693414839810783
10.661302179495445
10.66117445581213
10.677591829362163
13.629845359085474
13.550939120910286
12.588870037549336
11.761576822956243
11.374073595667161



[((1, 1), 10.671957127019477), ((1, 2), 7.723021054243633), ((1, 3), 8.110771917646163), ((1, 4), 8.168562761087202), ((1, 5), 8.525113351305357), ((1, 6), 8.112194699130745), ((1, 7), 8.008309119679032), ((1, 8), 7.049803346431832), ((1, 9), 6.225791673843635), ((1, 10), 5.84220770480613), ((2, 2), 10.693414839810783), ((2, 3), 8.173930871801579), ((2, 4), 8.115748000180316), ((2, 5), 8.516467339511827), ((2, 6), 8.113232669121164), ((2, 7), 8.017385043186682), ((2, 8), 7.057554646021311), ((2, 9), 6.232144691317524), ((2, 10), 5.847504016682809), ((3, 3), 10.661302179495445), ((3, 4), 6.980125524713132), ((3, 5), 7.809103945411699), ((3, 6), 8.065781394067844), ((3, 7), 8.005335111922896), ((3, 8), 7.046930954079342), ((3, 9), 6.222082152062072), ((3, 10), 5.840807412937408), ((4, 4), 10.66117445581213), ((4, 5), 7.811351329611519), ((4, 6), 8.065851698541021), ((4, 7), 8.006541870132624), ((4, 8), 7.04717109190347), ((4, 9), 6.221817322696953), ((4, 10), 5.840264439640707), ((5, 5), 10.677591829362163), ((5, 6), 8.095386072479837), ((5, 7), 8.00115194842814), ((5, 8), 7.041004875121257), ((5, 9), 6.215040294166009), ((5, 10), 5.8309571860057074), ((6, 6), 13.629845359085474), ((6, 7), 11.836066868306473), ((6, 8), 11.016714071505506), ((6, 9), 10.290637757291194), ((6, 10), 9.904847888245694), ((7, 7), 13.550939120910286), ((7, 8), 12.560364788837292), ((7, 9), 11.698981657288984), ((7, 10), 11.25593115800588), ((8, 8), 12.588870037549336), ((8, 9), 11.71067458236648), ((8, 10), 11.26202162267449), ((9, 9), 11.761576822956243), ((9, 10), 11.280819062313759), ((10, 10), 11.374073595667161)]
