
# wrong distribution

#max 1->100

[1, 32, 229, 807, 1780, 3186, 4866, 6912, 9073, 11538, 14193, 17201, 20303, 23580, 26946, 30417, 34107, 37878, 41944, 45965, 50172, 54420, 58651, 63093, 67542, 72065, 76606, 81260, 85984, 90659, 95431, 100326, 105265, 110097, 114944, 119810, 124747, 129659, 134725, 139901, 145108, 150232, 155425, 160630, 165857, 171166, 176305, 181448, 186763, 192040, 197347, 202576, 207849, 213106, 218206, 223460, 228791, 233908, 239295, 244475, 249736, 255006, 260245, 265341, 270435, 275672, 280689, 285960, 291101, 296163, 301318, 306420, 311554, 316458, 321456, 326526, 331438, 336340, 341181, 346079, 350978, 355794, 360461, 365108, 369826, 374442, 378946, 383432, 387712, 392098, 396229, 400457, 404483, 408331, 411947, 415419, 418739, 421790, 424527, 428936]


#min 1->100

[429211, 426344, 424331, 422078, 419541, 416809, 413788, 410447, 406882, 403293, 399565, 395647, 391591, 387455, 383320, 379051, 374607, 370037, 365354, 360790, 356171, 351581, 346950, 342217, 337359, 332453, 327513, 322514, 317577, 312611, 307753, 302614, 297590, 292403, 287200, 281997, 276725, 271541, 266203, 260890, 255644, 250346, 245098, 239894, 234601, 229308, 223993, 218772, 213509, 208222, 203077, 197860, 192521, 187238, 181946, 176706, 171622, 166481, 161289, 156090, 150910, 145760, 140623, 135497, 130460, 125494, 120391, 115374, 110313, 105435, 100651, 95711, 90855, 86001, 81241, 76443, 71749, 67040, 62446, 57929, 53538, 48976, 44593, 40285, 36280, 32211, 28303, 24594, 20983, 17518, 14351, 11378, 8698, 6170, 4013, 2229, 1005, 320, 62, 4]



# mean 1->100

len ([203, 1172, 2636, 3752, 4467, 4937, 5463, 6021, 6629, 7145, 7483, 7707, 7963, 8317, 8693, 8988, 9157, 9303, 9549, 9763, 9922, 10032, 10030, 10128, 10279, 10385, 10507, 10613, 10789, 10880, 10793, 10745, 10841, 10937, 11118, 11332, 11474, 11368, 11478, 11504, 11490, 11621, 11552, 11532, 11582, 11610, 11688, 11643, 11622, 11627, 11494, 11430, 11477, 11567, 11605, 11606, 11577, 11540, 11460, 11431, 11275, 11229, 11240, 11391, 11473, 11253, 11217, 11246, 11183, 11073, 10854, 10974, 10943, 10871, 10750, 10696, 10689, 10549, 10462, 10333, 10235, 10120, 9992, 9954, 9795, 9577, 9329, 9148, 8885, 8527, 8222, 7870, 7355, 6943, 6592, 6009, 5159, 3593, 1600, 321])








# compare to uniform distribution